10000
8953
2825
559
2488
4796
4632
543
9930
931
9263
4619
9820
13
7254
658
2640
9362
1628
795
612
4375
8591
3765
7320
6041
5902
4050
3358
3785
6967
7678
9101
4734
8685
6207
9656
3414
4491
8679
7284
285
1901
5886
1247
5149
9047
7037
9390
1239
7530
7659
458
8105
8545
7089
4740
4229
2890
3269
5188
6112
7123
2703
6213
3039
9239
5315
1841
7154
8852
2630
2714
4851
6770
6985
6636
9635
6134
8965
2643
3284
7812
1943
5604
6952
7923
7495
5990
4893
6944
6273
8990
3554
8387
4718
9193
6087
4452
5556
5133
3122
5898
5710
6986
3928
2575
2754
3072
6162
7609
5505
3464
4613
6098
4059
5252
6815
3211
71
2842
3680
8079
3798
2666
7828
207
8612
2993
9534
1121
4733
7760
4862
9691
4569
6737
4277
9205
5543
3702
6820
2595
803
6235
2382
976
2204
1366
5328
5305
3495
8592
2197
9494
1005
6622
6860
3477
5083
2093
1661
210
491
7127
1294
5770
7268
9491
9887
2311
8427
8140
8384
431
28
4265
4765
5023
2361
2904
9506
4978
7438
1870
3674
8000
5426
1869
6551
2596
5320
8162
2112
1921
5058
2098
1623
3243
999
3309
5173
6794
1916
7918
1197
2697
2809
6593
1160
8687
9608
4047
7954
7976
1270
3024
669
7114
805
8063
7327
6685
372
1676
1377
316
6890
7927
1456
7405
6980
4099
8269
4974
7467
3488
2794
1035
6186
148
8114
6211
5180
9972
2923
7758
7775
8071
8365
6712
1692
3879
5972
5193
9254
6093
7731
6048
9679
3066
8169
5050
8282
4621
7007
9303
5782
229
2958
9143
6392
8346
6441
2463
205
4324
9044
9403
2400
2272
2631
5283
2738
6535
7309
9766
901
2654
5078
2951
6743
4177
5752
4381
7290
1567
9183
2442
6165
8019
2282
5125
2933
6221
2599
9555
1695
2818
5228
3791
8360
8833
6372
6844
5610
2024
8314
5884
3413
8516
4267
9776
6308
6546
9677
7814
7752
6471
5087
4271
5016
2523
2619
9967
2649
7527
4373
5709
4977
5888
419
1037
3289
2915
5395
6435
6675
7681
647
3106
5043
8069
9166
9493
9395
4082
3996
3138
9461
8511
8478
8385
3591
4487
233
2829
4292
4128
6781
5696
3360
4230
1540
1660
364
7520
184
7744
5825
9959
7610
1646
1175
5897
2831
4300
9074
4986
8673
5285
635
8293
8796
9829
2262
7668
367
1238
4570
8398
8595
1863
7247
2267
2160
2957
3678
6421
8974
592
9771
4531
9348
8016
6146
6360
9763
8648
5512
7611
3245
3781
4056
475
6892
5039
5677
7813
3917
4093
671
6262
1579
2225
196
3399
3800
7684
7526
3754
695
2210
2306
2101
6691
6181
6317
5996
2477
6307
9782
5387
6920
1300
5274
1731
5720
4846
3304
6133
5550
1670
7867
7851
8074
2071
3656
986
9343
1317
485
7884
2286
3480
146
1273
3701
3166
9139
3293
3451
393
8040
220
8943
8362
877
7300
2164
6376
8733
800
7004
7387
9004
4776
8821
1948
1296
5949
6531
6526
6994
9743
174
2314
2616
7053
9575
4107
8026
1988
4744
4555
8567
920
63
3468
9817
4135
9961
5309
5729
5908
7550
4564
6008
8675
5418
3838
9406
6997
4272
4701
6232
1957
4940
2717
8887
5142
8574
6184
7601
5615
1286
9025
7043
9778
2986
9966
8205
3550
5
5242
1033
2660
452
9693
6990
9235
9246
2705
9003
3529
1404
9021
5151
678
8005
2746
7904
1119
5034
8165
3598
8237
7784
720
8781
9478
3494
5439
9037
8262
988
8198
5966
32
4845
9718
4132
3831
4241
8444
6503
4340
5060
2373
3570
5392
237
2051
8877
5774
5470
8667
96
8580
8797
9734
1170
3059
3123
7017
7464
7555
6754
1434
7742
2671
7919
861
3471
1194
1770
4961
8971
6875
9762
8039
6964
8483
12
27
7334
9505
9702
3476
9137
2733
4885
1858
1760
7302
5055
2663
4597
9963
9157
4596
1448
1217
5769
8227
162
6210
8793
9744
1588
8865
8947
4410
7039
5341
2290
2407
2252
8888
7103
7157
4694
195
4226
2125
5027
8400
6845
5030
4314
8479
8029
2868
8772
3380
2750
5862
5748
3624
5114
4100
538
9295
2356
2614
3544
4652
2283
2471
2911
2881
2589
4445
9108
811
3583
1615
5506
8021
2855
7158
9120
2462
2294
723
8428
8087
3713
3165
5602
8369
7448
8559
4035
3592
3389
5484
1971
3559
4317
3075
1093
2770
3307
1657
6797
1570
9427
6493
5693
7908
1580
3474
7417
2683
3563
9136
6530
4883
8703
5445
5614
7159
6777
1788
9321
9091
6215
1938
4997
8425
9336
6992
980
9917
4109
5599
7193
6918
1315
2546
47
388
973
7991
3467
2395
1452
8241
450
4568
7524
2530
7291
8784
3888
940
9396
6598
1950
5519
3873
5904
9614
7489
3910
3224
3174
3052
5480
5786
6946
9213
6326
3503
94
1222
8067
2111
2861
5440
7235
4664
7534
6272
951
6976
3870
8431
8409
9957
3982
4657
1846
2079
3135
3084
1163
2391
5635
2758
5364
993
7494
7403
4071
1464
5929
6658
7199
3768
623
2875
902
3092
1395
5501
1506
8106
8876
1816
7497
3107
1960
1379
1213
550
4426
2333
8233
1729
7222
3866
115
5273
3671
9455
8119
6950
3979
9436
7899
2006
6527
5419
3179
6140
6303
9002
7443
6269
3894
8454
6734
8976
8103
3909
927
6324
9838
5685
9855
6961
8669
3703
2416
653
4067
9264
3337
5126
5255
8104
6679
9355
9317
7440
6927
5401
5458
3120
3376
2779
1795
5406
6175
353
6394
3361
819
963
6730
8613
7216
4488
6052
6396
3875
6825
4900
6549
7116
2372
2182
7995
8412
2491
6198
9860
3009
6176
6264
3168
7729
736
2001
7518
896
6686
8534
9165
2389
9140
8145
9545
4391
7245
3054
3450
8139
4034
1637
4584
156
9690
7019
5631
1374
9797
4706
3272
6871
4134
9954
1873
9245
7196
5724
8807
9495
4179
3991
8910
9528
4053
5743
5953
1326
4945
5138
1382
8291
554
3157
5400
9378
632
7795
1982
3537
102
7790
4091
892
149
1531
9639
4436
1407
5892
3919
4967
3767
4663
6921
6780
6487
7728
1918
4828
5717
2975
2172
9919
2521
1442
7453
5813
9726
5832
2756
2935
9066
4693
781
2505
6130
5082
1606
1566
3647
8590
2295
6670
6993
9252
5486
8743
8846
9796
2279
4528
7001
1026
3013
1059
9926
9508
2259
5502
2916
1758
1494
9850
1838
506
4729
8927
7297
1364
2497
5826
6159
5159
6122
4951
531
5300
8638
4832
8647
3295
3349
6974
4984
9990
4042
8250
9622
4762
1872
4602
3499
7265
6328
9948
566
7335
6187
5780
3856
5554
8281
3221
6721
5909
7772
3418
44
9501
9078
5819
6561
7477
189
6196
8504
5108
6261
1679
8066
526
8125
6182
9272
888
8741
7603
7186
1172
3959
2543
7367
3639
3942
651
9033
834
2414
8560
3038
6003
9398
746
602
873
7015
9102
1207
9565
4840
8377
2269
9271
267
6665
9061
6516
4785
4637
6720
1791
549
606
7386
3914
5012
8037
5069
4002
1574
6152
7062
8980
1923
8448
7144
4483
8949
1254
3110
1065
5094
9566
9862
8159
238
9822
7859
7421
758
7719
4771
1996
7445
6822
6909
7213
3485
4476
9163
5689
2196
1412
2661
6117
5164
9470
5965
4962
135
4309
4112
1726
3863
7228
4154
2092
4214
8003
4804
5959
8611
2700
1089
3744
9977
1312
2152
1255
3716
5851
9159
5991
859
5443
5588
1064
147
9792
4708
9761
8180
395
8283
1237
1833
8055
9737
9410
4282
7030
8028
9178
7401
1709
6485
3721
389
3239
3560
3654
6470
9975
1878
1017
8531
222
6774
3521
8469
3818
4416
9588
2394
5737
6863
3248
500
369
8396
7896
2465
2702
4161
6282
4299
1978
8089
5414
8008
7338
5177
5699
5141
6094
7148
8803
9301
9597
2938
5497
3718
4459
881
24
2378
7598
2150
2129
3217
4681
4533
7180
7251
2211
7805
6585
154
2603
8527
4877
4338
5666
4284
3540
5163
1071
2097
5476
8870
4864
5829
66
591
9112
7587
2895
4251
9356
8895
6366
7916
7936
8292
3270
5070
7331
7707
6024
2945
1542
7137
3071
9888
3453
7764
5029
4244
1547
5527
7746
2532
7600
2235
422
8136
9774
1052
5059
1152
5983
8602
7279
5301
3403
5239
2494
4383
7313
8498
3596
465
8970
9858
9942
4760
2653
9920
7688
8526
8433
3695
6977
6795
9309
4865
2751
1953
1148
1551
2720
3508
9124
2223
7155
4873
464
6958
6121
6970
6285
3297
2253
6962
4101
7825
9772
7462
5938
3878
9311
7662
1252
3898
7736
9869
2481
274
5889
328
1529
9708
9865
8844
9186
3058
4650
7987
5128
7069
1060
1386
8933
8274
5428
8618
2686
9249
5592
9659
9046
7528
8598
1284
4168
4815
2804
5958
9212
8964
6610
8983
2568
1969
1309
8383
3308
776
58
2139
1575
9882
294
7565
6590
5472
6710
6119
9665
4398
5760
2715
2877
3161
6497
3459
1891
4276
9698
5680
4622
5425
4646
7358
2844
5107
2399
3891
3606
2859
5878
9014
2946
2280
8825
5526
9128
8881
6482
1618
6102
9813
9632
2291
2558
2618
8678
7952
5553
3676
1796
8049
3367
5269
4692
9308
8633
9815
4240
6638
5569
4004
7125
6644
3911
3662
6155
3621
7354
2010
6145
1908
4095
3203
9325
3610
9706
2073
6380
507
8313
2573
5280
5360
4143
3146
3984
9465
8907
1274
4836
2964
5065
1393
704
9513
7634
3558
8954
3551
3513
520
5331
243
8215
7644
2244
8141
4615
5907
3812
4492
1874
4270
8053
3832
753
5844
5930
9389
855
6383
5751
1650
4535
7547
2132
2292
4156
460
761
5307
529
1794
9085
1782
9890
2635
4775
5558
797
2776
5540
4819
4341
373
6540
203
8768
3637
9601
6100
9764
6280
6040
4018
8742
6678
5605
2454
7574
1204
8364
9399
6431
487
689
9551
4027
2350
6356
2452
4318
6576
9530
7207
8009
6281
2542
9486
6873
8655
8015
8022
670
3124
9552
317
9266
6332
6191
9577
4585
3253
2927
9487
313
878
4985
7597
8935
2869
1302
5584
2310
9637
5814
5013
1991
9332
7815
2430
5389
4195
911
423
4521
7237
3524
3465
5718
5451
6762
1596
521
8182
386
112
1857
690
2845
3286
1036
2539
4343
9068
8694
1253
462
8986
7429
362
9941
7593
9194
4691
5821
5430
4725
4856
3514
3356
7469
9474
3056
4454
8481
5890
7457
8222
6260
6237
5767
1701
2741
4192
5668
5726
3532
7532
3983
6458
4470
6076
6746
3280
4110
260
4798
5362
1009
9985
2104
7852
624
4642
4291
3602
7626
3804
4805
5096
8295
8810
839
5035
7118
7473
5372
3696
6604
6342
5408
9918
9307
3727
887
6763
9573
4427
3037
8247
3498
9377
8151
6536
7522
5100
7510
2675
4921
8273
9521
7990
4015
4278
2763
8761
1290
456
9658
3945
9584
2728
3371
3569
6241
3775
8391
8133
3387
2737
7801
5381
5244
5256
3027
1881
771
613
1174
793
481
7009
3021
9026
7187
9094
3626
5822
1718
3098
8263
4591
3069
6669
421
9176
4505
4212
6498
5223
9034
1725
6378
8102
9043
9498
4325
5090
4435
6707
7128
4618
8928
7224
1864
9973
6062
8065
9578
6759
4790
5971
4972
7595
7797
4421
994
7840
3797
578
3534
2285
7843
766
4892
3162
5145
2778
8219
5579
9992
8418
351
1826
7360
7038
6693
151
6688
2533
2239
6229
2155
3373
9023
139
5875
6069
1785
1763
4605
359
3872
6939
1844
2406
3097
7496
5265
4543
3427
9928
445
1627
9807
5339
2816
8818
7303
2538
5276
9069
459
5281
925
1922
594
1883
7617
4281
8392
8720
650
2525
4711
7299
8677
4266
9191
6901
322
8583
4586
9657
6838
6331
6243
5800
7081
3392
3352
2699
9282
2613
5492
1828
4420
1325
2769
5076
3219
1936
5715
7419
4
2949
6799
2257
7938
4611
9779
6629
2670
3481
3136
1945
7308
1847
4494
5195
9367
5380
7620
6061
8904
7487
4464
6711
2674
9962
6662
5640
6680
8474
9035
8192
9788
652
7637
5415
273
9670
2353
1279
6343
9375
2178
7162
7545
9187
7071
6798
5073
8335
7253
4925
4623
6234
9514
8372
6911
7612
5204
6624
9684
2731
8817
2179
8098
1261
2048
1593
1378
3784
5790
1559
8336
8532
3829
9548
2996
4960
502
865
4264
5838
1690
5703
6701
7832
9631
3972
208
5840
4869
6477
7861
1308
7989
8500
5993
9681
9401
2176
5168
330
4133
565
106
3086
7689
4727
4881
3877
4682
5167
1681
5355
2293
8869
1959
7171
6570
9217
7046
2034
4376
6032
6925
5263
3341
1144
2342
7895
5205
2914
5713
5491
7946
4901
1786
1367
6940
9079
8569
4231
7808
6816
7940
3436
1259
3535
2676
3214
7804
3985
187
8917
1116
2215
4558
3916
9739
5686
9127
3332
7175
3826
9856
225
665
8234
1350
8298
2796
921
3381
8549
8489
6995
8212
4392
2600
9809
5919
6779
3858
1103
6608
5056
2992
9908
9040
7055
5190
5946
5688
4973
8168
9459
4593
2808
6494
2880
3402
7459
6443
8231
3796
7415
8952
7115
2025
9274
38
7385
2081
530
5102
9951
588
806
4614
4040
1340
7863
7191
3206
3210
1002
5232
8446
6681
809
5667
1447
6568
6420
8493
4941
7181
9905
3939
4180
448
6563
5229
213
9844
1416
7959
7433
4641
6612
8680
2143
3227
3022
9711
1773
5112
6880
9540
9968
8200
4437
5001
8042
7648
1426
8177
6870
6072
5061
6486
7267
8088
8973
6346
1070
6887
9857
1193
5708
4246
6183
8644
1230
6144
1677
378
5783
2712
5847
3125
9153
3164
2237
3315
3023
852
8224
199
3772
9775
1306
7650
8012
5721
171
2300
1212
9323
3816
1427
7687
9118
6453
579
9290
8773
5870
860
924
1754
2325
5571
8116
4630
730
9156
919
1269
1276
1705
2145
2175
7569
2013
5026
4315
4102
1511
7663
4092
3923
6063
3630
2158
2212
6466
4055
2054
2047
7888
9199
1688
8699
5003
5111
4450
3760
3216
5222
5321
4898
5754
4490
5176
2219
1342
4380
649
7670
7028
6560
7997
5496
1474
4428
5063
6206
9903
7093
6753
2007
4683
9638
1424
6507
9261
9694
4370
405
4097
3202
1818
4710
4030
3547
8467
1219
6591
7466
3575
5916
6238
183
4669
2487
4408
1112
1859
5101
4245
8395
1611
8981
7926
5738
6808
8607
101
9063
9338
8597
4139
5314
7998
8242
6891
4503
8366
3526
1465
7488
2420
640
4234
9773
1185
7685
5448
5980
3343
696
1429
9449
6414
5099
4773
3053
9173
124
4123
246
936
2090
394
642
8002
8045
6545
3428
6805
5435
4377
6571
4689
3375
1428
9404
5849
2749
8693
8452
85
3329
9715
1799
3319
8320
5189
3012
2976
996
3973
1288
692
8727
8465
9881
2768
4211
9636
3660
321
748
8117
698
2027
2928
5446
1180
6374
130
6193
3992
7133
6861
5071
4667
6968
8356
3962
157
1886
7822
7107
6245
4501
1250
428
4215
5306
969
4169
2334
4151
5334
7712
1904
3292
8566
8992
9557
519
7915
4024
8604
4319
5913
8284
5542
4557
1482
3111
2591
5224
2392
9660
9198
1196
4772
5830
5261
6294
5791
4434
3034
867
7642
479
5725
1652
5927
9083
3077
7977
1868
3145
3328
2425
762
1460
1489
7979
2320
8582
8235
261
8775
5317
26
8759
8726
7806
9007
7606
82
3316
4868
6768
7026
1807
3941
5469
426
587
8420
5570
3644
7966
2709
6286
5776
230
2711
3776
1493
7568
2637
4530
3288
4382
7065
4198
2823
1756
5042
6699
2270
6772
4158
8172
2448
2814
4910
2854
8622
6660
9328
6505
186
3197
4153
4129
8394
717
366
9768
1468
9883
2664
9418
8998
4061
9207
2461
4987
6609
2075
3846
8352
8
2046
7298
6216
3799
5812
6760
9098
7558
4654
9316
6369
1683
5243
9460
4453
9647
1047
3260
821
5258
2980
1183
1902
9615
4248
8735
5304
3497
1805
1142
5920
6297
7413
3336
8815
4583
1001
4958
5352
4890
2396
5801
51
8509
6197
2498
3175
789
9305
8178
9222
788
6402
8246
7515
6904
5757
574
7575
721
9471
412
3512
1862
1626
6088
8777
2069
4258
7511
3834
4176
2971
1653
7040
4906
3682
9562
9387
9361
7281
6804
7113
3254
7142
4536
5988
1430
6066
5202
7869
181
6256
7690
1851
8460
472
8666
9057
7505
9929
4612
2234
1633
4717
2107
6558
2364
9422
6867
9956
5520
7314
7941
1752
6923
4162
5859
8430
7537
7909
8073
4871
5367
4369
1473
937
5424
9875
1305
7280
8300
7571
4073
4142
221
9067
5350
2140
1778
375
4425
2943
5330
4310
6097
7353
9391
1680
2582
4794
8690
9365
227
2691
2308
8202
5565
7827
3127
4447
7192
4021
3707
9070
8696
493
9945
3199
1608
8993
8816
122
5978
3594
2467
4792
1123
4843
6391
4720
304
2401
3890
8837
2509
5297
7999
6081
7337
6284
7992
7823
7956
3961
3669
3147
8208
91
518
5490
8036
637
7444
8095
1297
6569
4891
868
9717
5337
7379
8287
2426
8654
2014
3070
1594
3036
3410
8658
5794
7135
1101
1806
6989
5987
8801
7564
3398
9262
69
1244
7585
4818
9096
7312
5461
8819
8519
8032
708
6132
4371
2513
1560
4339
270
1433
8138
2422
6620
4242
4671
9745
8175
9071
2791
377
474
3975
9433
180
6674
6897
5925
9400
5634
784
3925
8429
5818
6829
7173
577
2885
3155
7307
8814
6724
8757
7249
833
2817
7841
8322
8075
4554
4566
3353
3666
3061
6017
1277
7000
7640
4739
9009
842
5495
1569
2413
4306
7821
125
2486
1766
987
9039
7146
7978
7714
2147
4511
288
3265
4903
3395
4155
2266
5503
9253
1946
1622
4635
6009
1860
8863
9335
5810
6916
9991
5979
2761
5508
2209
7508
404
5727
5521
2438
2960
7490
3246
9299
4089
290
5779
6524
295
4915
7047
9849
8226
1372
2937
1499
4474
5140
3475
8093
70
8257
1360
2793
4686
2787
6103
4884
1519
6173
2072
8337
8060
107
1952
9036
2174
5799
8461
6728
4414
8571
4200
7442
2133
1361
2268
4405
7798
8501
3207
5207
6554
7627
7580
6136
279
212
967
3278
3578
898
3068
9864
2349
59
4465
104
3008
3694
3723
7260
8518
5067
3101
5447
8939
3031
2593
6255
9006
5085
621
5624
2867
7391
489
7185
4400
4349
6212
9020
1097
4443
5781
2952
2008
8600
8760
5403
3601
4163
7733
9939
7261
8729
8753
8261
1986
8027
6935
7243
916
6263
4831
4579
552
7848
3936
7248
4364
7032
2932
7672
6390
8783
1330
5948
7996
7238
6199
5575
5969
226
9148
4327
7041
4908
7546
4577
6523
1599
3096
4280
2588
7967
8734
3552
503
1149
7788
6683
7589
5656
2278
6905
5612
3303
5373
2427
755
7839
1042
3424
9925
646
820
4289
9725
9337
8232
7404
4113
1138
7257
9644
1099
2645
2931
672
1178
4695
9714
194
4412
9843
46
7846
8216
9126
2483
2555
403
3948
7833
2655
7111
1937
272
5227
3396
1117
9469
6298
4460
1168
3327
603
4262
7080
5784
4774
9944
9544
80
7886
3397
4842
739
6664
5960
8388
6809
9456
3170
7095
6120
2748
3296
278
5692
644
6059
7750
2455
4393
1907
2190
7376
3741
2026
1753
6231
555
3617
4397
9082
4610
8625
5336
5181
7087
9357
8013
141
2801
3182
7153
2475
7383
6338
9265
5257
668
1843
343
6722
2950
9452
7982
614
427
6824
1295
8197
2650
1747
3956
5024
6016
9563
9600
7498
7426
4363
5079
8982
2241
2074
7409
3690
5762
8890
2826
4124
9915
8308
8572
9579
3698
1885
1008
6833
3169
5160
4540
5018
4992
170
9808
1896
863
807
899
573
53
2601
232
3586
6031
1321
1981
4219
7789
8809
6847
6641
2659
8052
9369
6065
3060
2085
3946
843
5155
8616
2062
3989
6074
5162
3895
2839
9988
6548
9816
1332
3258
8555
7357
9315
9080
7427
9042
9541
3940
1348
8193
7955
9373
4419
4440
2105
4057
198
2678
3794
7730
828
3963
6219
7605
3383
1884
6277
8936
7200
5936
5594
6559
4724
9203
6595
1043
5209
9604
3257
7218
4953
659
3593
2217
6862
3142
5777
9872
3549
68
5427
4342
161
2762
1716
9936
3691
568
6064
6452
6037
4127
4964
188
754
4236
1155
8422
8080
8987
9016
2220
7708
6108
3600
2346
4976
2672
3825
4075
5169
6539
8930
9240
3705
1822
8635
8988
4582
5338
264
5922
1231
8167
9696
7271
5183
1663
2076
7724
7892
2669
3482
6449
1501
1696
5192
252
3902
840
853
9845
200
9270
7747
3431
1510
1437
5772
6467
9568
8321
7160
6907
7305
6902
1299
9038
2357
5939
6810
5942
8033
6463
4674
1470
6267
7773
7948
6249
437
1926
8623
7319
7328
1614
3883
729
191
1394
3117
4930
2516
3177
3044
9353
2963
3195
3263
4684
1812
5530
4033
8043
5230
1132
1004
7131
9256
2151
9586
8989
486
2788
9268
6893
5194
9408
6729
2604
3314
7056
724
9209
2584
1712
4894
7853
5036
7027
2892
1662
9871
2484
1469
5324
1082
9476
5165
2732
1745
2554
9680
21
1780
6782
4526
3302
9185
7624
2121
4747
3736
3622
955
8898
2423
4078
8774
253
8124
715
8170
1248
9224
8018
3046
768
5444
2301
5926
699
7517
5247
178
1
3411
8294
9010
6291
7973
8084
2141
1314
8423
2348
5345
8353
8333
6054
4699
4670
7777
5500
3087
60
711
5002
5158
4140
1750
6645
7086
2716
9281
7900
2199
7793
6898
6106
866
8421
2773
6942
977
8915
2821
1153
7468
8639
1585
7374
8713
7258
392
9913
5236
1655
8056
4417
1804
4346
7295
7903
2276
2974
5233
3758
6110
8171
6236
1125
9297
8756
3689
7847
9630
3951
4441
4233
6386
6271
3350
1110
3967
4174
9791
3915
9886
5899
8417
8830
7392
6513
2183
5109
7122
7441
7003
3040
4690
8259
1311
3887
1351
8530
5251
3128
8804
4120
9160
1530
2228
5669
249
6413
2363
8127
643
7865
7682
8787
7819
1118
583
2123
4365
3546
9275
2548
5742
3268
728
3616
8536
8494
5561
2550
8724
8245
228
5893
4385
6480
759
5303
2368
9466
7194
9786
5581
4396
907
4194
6433
5866
618
1077
7975
2721
6214
6205
4705
8255
6910
2925
9149
6821
3787
6070
8514
4207
7951
9333
1454
5795
2335
6464
3456
430
5531
7766
3746
219
5308
8575
347
8856
5103
7535
1307
7881
1292
6928
8938
9524
1398
7084
6659
1491
7974
6626
7166
4118
9497
1171
6438
9927
4031
8458
9169
2365
7184
1265
7418
8564
4848
1518
352
9834
1929
5185
1324
3840
9238
6999
4917
2981
3134
8552
7875
5407
9329
1352
9234
8578
7803
81
3609
6156
6451
2736
1839
8477
7365
1819
1234
8932
1601
2871
2173
6619
349
9184
1111
2858
5562
826
6454
9354
854
5837
9473
1487
8443
572
5683
4308
3241
7531
302
8715
9892
2185
6268
7120
6015
6400
5566
3686
1347
8681
2995
5017
4559
6398
1930
9611
7179
8401
2216
8057
6649
1246
3133
1188
9769
6217
926
7716
5270
945
590
4496
2864
8438
3780
6628
5434
6786
9986
1385
3102
3750
1078
2496
9394
535
2171
7677
8156
204
3892
4645
8634
1275
9987
6849
9228
8878
827
9531
3255
3457
4171
3213
7710
1800
9060
5267
3857
6663
7382
3732
3261
3010
1645
4323
5161
4249
3903
9812
6442
985
3473
617
5396
9625
4017
2929
8767
4066
413
2126
6715
5589
1287
1967
764
8044
4386
8867
9219
6327
9801
2522
1942
5124
5676
4624
7614
880
3783
8706
455
4098
7058
562
1513
8737
7820
7278
2907
3789
3193
1571
745
8897
1040
4519
2432
5433
9122
7296
439
7177
9363
6534
4627
7667
9912
2492
3229
4337
8778
5690
4787
9062
3952
4767
2798
702
1363
2665
4604
7780
1262
5745
9306
169
601
952
7458
5923
757
8211
350
7646
5115
5378
673
2598
3641
5459
4515
3276
4620
7945
8716
1861
934
1079
5120
6926
9000
3015
2912
1592
1214
1962
461
6457
8415
7699
8416
2167
4574
8764
4522
5940
3927
5282
3672
6633
939
5661
6492
8651
6496
329
1151
563
5701
4649
4838
8646
5747
3262
1947
6195
9086
4809
7098
9570
2774
1966
6827
779
5218
2417
9674
9952
6692
9827
1028
8092
5532
991
3333
7653
9055
3556
2901
8636
5323
7059
932
2388
9475
9243
1264
3548
9590
5901
9895
8945
4993
3267
8832
1719
5741
8551
7838
7399
4523
4384
4201
4388
4372
1104
6960
9084
3158
1632
935
2337
2374
4905
371
6951
836
2089
522
6085
6646
6151
6154
5489
838
7857
3200
7410
9833
9619
3173
7389
6101
1336
6023
4751
7906
3944
3209
7694
7112
2597
3419
1783
5187
4083
425
7572
7873
2380
1665
1390
9686
2144
8024
5586
6422
6403
8161
2646
37
850
9421
6912
4946
4931
4224
6765
3576
7021
4549
2288
1063
9655
1532
8533
3884
354
336
7692
4854
4991
497
6564
5982
202
8912
1821
6005
3545
3582
206
3299
8630
416
8557
7592
9947
7293
7563
9444
1169
8977
8579
9520
8707
2203
495
9489
6224
4225
5386
172
2853
2627
6607
1836
4679
9582
8812
3
3099
4321
2095
7499
1987
7022
2662
9984
4054
1484
8370
1421
8210
8763
7645
9537
9676
1613
8062
8137
6618
1229
1715
1349
6757
3426
8573
6788
9504
8730
1820
5603
2742
3752
4572
4553
8603
75
6171
5156
5796
4269
3028
3249
1341
2271
4257
3104
8035
3675
77
812
1025
384
5493
7905
1605
5171
3083
7866
5417
2012
8546
8698
6948
6915
1303
5662
3430
4006
4979
2403
8605
9525
1373
8030
1337
8229
1015
4808
8189
4653
6363
4633
7994
8450
9327
1776
7761
8155
6854
2055
1339
4187
9730
798
7079
8795
7679
5970
1096
9921
5518
1621
9645
5706
4982
7964
6251
5533
5052
4145
9188
5642
4709
7091
570
7947
9342
5816
654
9318
5514
9106
5216
7407
3714
2518
7981
1080
7652
3266
7408
5264
155
7554
3461
6773
5311
3153
4350
2159
3454
4467
3632
629
3226
2157
1233
5170
2910
9765
4390
3976
706
7698
4005
2248
5234
2478
8558
9560
90
6068
6572
6506
7647
5245
5917
5649
2214
4853
6427
1717
4770
796
3867
959
1435
2563
2681
2824
4029
8173
8780
5020
9008
4936
7198
3236
2562
2412
8921
9510
291
241
3779
9485
1787
9088
8254
2383
4520
466
2800
2569
1748
786
6988
8094
4578
7381
9880
6111
2410
1649
4007
78
7683
5432
6027
1568
3685
1515
7321
3369
4148
5393
9878
3192
3725
4181
5144
8621
7170
7774
3819
8064
9349
604
7301
8851
2687
4039
1920
9634
4025
3620
7570
435
7623
9720
8776
6474
2108
36
2528
3839
6035
6839
4062
4469
4716
681
7720
8122
686
8464
2180
7953
6908
4407
3472
1558
2609
1609
5877
9287
2726
8691
8829
2474
7732
9462
4449
1206
383
3281
484
9255
490
528
5363
5220
2807
3466
933
9230
9974
3520
3420
6248
656
9443
2118
1792
9458
6978
3501
4012
4867
4616
8297
3240
1992
7061
3079
7412
9826
9934
9943
8791
4524
8581
55
6300
1268
1076
1014
1767
6695
5441
470
2918
4609
1402
7556
1113
1871
636
9979
6713
1441
2142
3667
974
2866
1587
4103
7893
9492
7100
7891
5734
3711
2113
7759
7871
7782
4748
6941
9700
2511
1619
4544
4656
5585
4758
4743
2656
6579
7725
6719
4186
8311
8214
3913
6045
7514
5241
8244
3921
7829
7722
2775
4607
847
4546
4509
2049
3987
3579
964
5353
4210
7461
6071
5955
9999
15
29
1963
5702
9145
9221
5095
8902
1327
6301
2797
1166
5638
2566
7240
6501
5291
7937
3947
3642
6550
5950
9692
4889
1329
1124
5376
2856
8271
244
7475
9781
1672
9259
3704
4070
9480
6876
5623
6011
1550
7962
9247
1127
6919
586
2510
2905
2985
5551
3615
3528
3588
5525
142
345
9885
2326
824
7121
2319
8502
725
9161
9683
7164
3231
9910
1740
1083
7203
3103
84
334
6522
7703
585
905
223
8440
2453
1280
4188
7150
3805
1697
8969
3359
6419
5577
5590
1346
5894
8185
9024
442
319
118
5639
8130
3771
1492
6874
9840
7431
2289
3589
6521
6956
7231
4157
897
5880
8620
9411
9879
7591
870
9110
8351
4849
2623
5295
3968
4996
1181
6801
6174
1894
1832
7588
5175
6704
7879
703
1732
6316
7077
7969
714
2580
8181
1467
1106
197
8702
8299
782
557
3599
8276
7492
1443
1256
1242
7658
6274
1999
2535
9114
4052
1438
6320
3523
3006
7263
3509
8892
2899
4456
9419
3351
168
9748
420
3422
5872
408
9196
7503
9121
1130
2744
6203
9732
5633
3301
3901
6143
2673
9170
8100
67
6055
8668
1108
6425
3218
1598
2883
1882
7837
5420
8285
9621
983
5431
1808
4136
4285
5700
7874
326
6472
2232
1669
1913
9633
9847
6790
8822
2322
5374
1985
3095
7745
6640
1713
4203
3020
478
73
2948
7709
9719
6617
4336
1880
2161
4919
6292
4897
7289
6389
2445
9105
6553
512
5834
7870
2743
9208
4252
680
4833
8985
4998
8223
6756
1975
9668
469
40
9593
6703
6684
3522
2359
2962
2959
6705
4904
2740
2473
2634
2514
8920
2752
6325
4617
8334
4477
7060
9005
5409
3905
8788
3007
3673
5286
9901
5384
8893
9678
9916
7765
6599
2551
3002
2606
5583
4647
8728
6025
2450
7255
2192
5467
1457
5504
4938
904
5113
1616
2434
258
8343
9794
978
3897
5900
9241
7428
2972
7666
6306
8304
3608
9438
3365
6091
1955
3416
9432
7880
2431
5179
8562
4183
1184
6687
5854
1900
8041
814
1699
2502
6500
5855
4387
468
5473
5268
9958
4981
1893
9811
657
918
444
3191
7665
5136
3597
8864
7928
4648
5651
6058
2852
3851
2330
6566
3094
1965
5044
8884
9877
8325
5513
5974
7882
3184
1595
2398
4256
4722
5358
2515
2969
567
7654
1462
9500
3817
1354
4754
3384
8593
5275
4860
533
5806
1620
1961
5976
6914
8896
4934
5538
8025
9273
9733
4918
6515
6725
3073
6796
3954
8550
4304
9932
5139
2886
8905
8204
429
6882
9346
4218
2240
9893
4429
6353
5385
608
182
7138
1503
2060
4473
4115
1293
9310
9195
2561
3163
1573
4859
9793
6578
4182
7076
2718
8923
6359
5564
5174
5827
6848
9704
7713
9695
2576
2790
3183
1383
480
2734
4274
4516
4539
2953
906
2590
4662
7767
1278
2
948
6955
2677
5823
8794
7359
5184
8670
9673
7675
236
5206
7396
5989
627
8674
1221
2994
4357
9435
7960
2668
2163
9823
7810
9664
2451
4374
6881
5863
4486
2031
9960
845
4472
7013
8854
1432
8824
6673
5803
694
6606
4541
4688
9279
5828
3491
87
234
4863
9605
6504
4826
4971
6456
3640
1173
6740
8419
1667
2233
4562
5075
6682
7343
7831
6242
9286
2730
6131
4841
365
4797
9868
9144
3813
5011
8785
2122
5025
9649
8142
6657
6903
810
52
3172
5033
7145
1831
6698
7771
1182
5951
4475
3346
7109
7322
4094
8548
9109
7090
5057
22
7139
9922
1927
6784
3627
9350
7352
1316
5148
1073
9731
5118
1345
105
3607
48
8004
7783
697
6352
1572
9806
1323
5637
4290
8645
6258
6597
2552
5325
3406
3756
946
3137
9326
144
3252
9269
6896
9543
6407
145
4403
2443
6334
6446
4409
4626
5697
7176
3130
5038
2041
7394
6661
6019
733
8841
7561
1072
1823
9351
1167
4784
7786
6841
9547
1903
2221
5977
2694
2759
9
3633
5995
5560
1925
4311
5368
8286
5843
3140
5238
8243
5952
7326
6233
4303
9251
6478
7921
9277
9799
1186
3318
6202
4592
2553
175
6490
8251
7083
7178
517
2836
6417
1723
1525
4117
9532
5986
660
7423
9052
2997
5212
45
2351
83
2799
8497
709
2446
7206
6981
292
9970
3833
2068
7872
7097
4330
6379
8330
7008
242
488
3860
9594
9539
4661
1414
576
5636
4731
100
1384
3809
1310
6462
1648
7282
2188
5047
8305
541
2753
9206
2850
3515
6837
2828
4698
655
9814
7311
8160
8999
1576
8813
5903
9800
6209
2973
3507
8686
4783
9873
2021
2766
254
453
9728
7660
4096
9705
5963
303
1539
5546
8996
551
8839
6632
8358
1744
8751
7500
5064
3362
7471
307
910
4895
8512
1232
8554
8934
6314
7544
4911
7757
6611
872
1401
6330
7889
4442
1245
9359
5775
9414
280
4295
6483
1205
3876
6637
1257
6900
8081
9385
5377
314
8319
5483
342
8738
1909
8249
546
1362
7817
5537
2084
163
9587
41
7628
2967
5607
1751
944
4678
837
2120
7221
4448
4580
8542
4913
7074
3462
4268
4933
7270
8164
4504
391
9226
6310
3408
1915
4839
9133
356
9202
6323
8118
7447
4969
4037
6329
3533
9056
1114
3912
1779
6084
2000
5004
8150
6752
1013
8148
3539
610
2323
3188
9628
4415
7425
3237
3782
4333
8436
8653
5522
5618
1301
3929
5861
2339
9141
3555
9983
1707
8940
3049
5682
9384
9906
8277
4937
6460
5510
1887
4655
2846
6077
7035
775
7214
79
409
3734
3969
4254
5214
7031
3344
2281
9804
2626
6042
9596
7641
995
8594
5028
2977
9964
4237
56
5088
7342
1638
4963
9780
2579
1304
5457
8843
3178
3423
3230
7212
2657
825
4259
2704
6555
7625
5869
1088
6080
2115
4728
4589
6428
844
3393
9802
4673
1635
900
438
7792
3368
8221
4782
3250
129
6163
6843
8184
8535
4822
5221
5127
5768
7202
5250
1020
93
1319
9841
239
631
1090
3490
1973
301
1554
7697
4466
3043
893
3232
5868
8790
8414
6865
6613
1022
1995
256
4835
3820
1225
6894
639
5802
2318
8144
320
2299
3504
8099
2037
928
8252
3835
5535
2926
6290
8381
9697
732
10000
5462
5984
688
2458
9549
741
9861
1829
2317
7227
5578
7842
4922
9119
2633
2863
2632
6335
4294
9095
2501
534
4480
8318
5237
5539
6913
3957
9576
7753
299
6223
7388
667
4121
6884
889
7437
6511
5351
9304
6767
3417
2156
5479
5318
3747
8323
2906
1431
5645
2307
9448
9689
7397
3681
4232
6602
2106
5617
7472
2611
4106
9971
3761
1203
8329
5616
1003
8842
1840
4216
6178
4999
2439
8956
3148
7657
2642
9341
3180
5343
9712
2891
2682
9795
6351
4316
6495
6395
9618
2520
1972
8006
5773
3753
1727
5646
6468
6358
1553
131
8279
8966
8046
1730
7920
510
6858
3517
7636
9863
6614
1617
3345
9100
2988
1897
1376
1538
8447
6418
217
4886
2435
7506
4659
3171
3390
2527
1189
2524
813
3960
6575
3564
6758
31
3568
1271
4823
2696
634
2017
5046
9453
9380
7225
1423
4980
5573
9998
7102
3770
34
2979
2329
1866
2298
8068
8906
5068
5081
6621
9666
5719
8732
1343
1485
8886
6823
289
6057
1396
5731
9803
216
3222
9313
6157
8339
121
6167
6013
4781
4777
1258
9542
1400
6556
3605
2404
8406
2767
3105
1989
7129
8849
9115
1356
7064
8800
765
4356
8076
9617
2710
8754
2843
176
5226
9993
5316
6247
4090
3271
165
8338
6287
7943
3573
1724
1976
1577
8866
1687
434
1147
2387
9463
8380
9607
5248
4660
4160
3511
5845
286
3311
3194
2032
9831
1798
4824
982
5739
9867
3460
6228
4518
4966
7402
5793
3871
4813
1471
5678
8926
6479
5196
3848
3412
5609
1139
7264
4606
4955
5833
5596
7566
7922
917
7400
9997
8288
6885
6315
3808
5839
6668
6349
3882
3538
5630
7422
7671
979
1240
5653
9220
5728
9146
6653
5312
8588
5905
9646
1236
3527
3065
8853
7124
2137
4430
9087
5299
8695
5182
5062
2930
6461
6600
7182
7369
8437
361
3619
9996
7023
9031
1775
5961
1224
8480
332
3290
3156
2639
3763
3843
8472
1941
8805
7250
7048
7152
298
8641
2564
691
5835
4715
2004
5572
2468
1591
3995
2056
818
2189
3041
4208
4800
4189
7512
2719
6337
3683
8883
9503
7105
2078
6367
3198
370
8880
4556
2903
7925
9876
2103
5437
2030
1202
2708
4347
2245
3603
1932
3391
7651
7785
7913
808
1007
7933
3506
2227
9654
6141
962
6736
8584
8972
7066
7509
8908
9175
4983
7432
1914
9017
5641
3814
3708
2053
5879
3739
312
8487
752
1912
5707
3076
1898
5366
4479
938
7507
1131
2965
5279
7256
9515
5714
2792
8486
1910
1769
9798
3950
4170
1357
2064
3273
8538
76
7283
1353
4629
251
7273
2894
2585
9223
626
4307
1905
8157
5999
7621
8373
4500
7961
8115
8051
8050
64
5031
6448
8718
4738
756
4545
2100
3773
3733
858
5121
8540
2519
718
5178
923
8858
2713
6538
8848
4994
9835
9526
1993
3874
1387
8941
6714
338
3722
3553
1721
7807
2559
8476
1445
2360
5582
6319
4013
259
1461
6733
537
5620
3484
3205
4451
4413
1137
1235
5852
3792
9564
1658
9738
1951
5567
4954
1682
7781
8619
7416
5086
7693
1603
7504
2879
1085
5657
1227
1195
7217
3048
3651
6373
3445
7310
9075
954
5740
9940
6160
5778
4202
5516
2577
7493
8960
8367
5867
3824
885
5240
1018
9292
4811
8676
120
3536
5943
7845
1977
2200
7436
6953
2780
3907
9368
4757
6747
5210
4721
8471
2131
3993
8332
8660
9107
6099
4313
7226
5932
4924
5876
6852
6533
9132
6983
5147
4665
3807
2170
9955
9155
8490
3749
5563
1856
1810
545
5198
5528
2397
1228
7993
7878
6138
5369
998
3220
8914
3003
2086
3185
3080
9777
4949
5722
4761
7063
5672
2482
989
3730
5452
1011
5203
123
5382
9598
8507
9029
7914
7104
7567
8317
8495
7340
3778
1830
7463
1939
5735
2735
2135
5846
879
2191
9409
2941
3256
3731
961
6253
8750
2066
6996
8828
8462
7826
8692
1629
6302
6293
544
4687
4332
4547
7167
8656
6557
7741
7930
5860
3613
8253
7050
7034
9260
1642
8547
9852
4406
6000
9434
2848
675
8918
9134
7348
2207
8665
8390
981
6116
4943
3854
1243
7033
3386
7887
6580
6459
5606
7830
5523
713
1199
1876
770
2936
7686
4896
874
211
2061
8083
2784
1765
6007
1640
5746
2942
2218
2688
9687
7551
8266
8153
5388
8238
8834
8789
4861
5957
2296
3432
2201
449
6226
5054
167
7378
7661
4675
9760
4643
957
2168
9620
662
4044
862
2336
6095
9050
2581
7361
9672
2117
4193
975
3712
9767
8577
8038
829
9048
4625
7876
7986
5559
783
930
7259
8664
5379
8642
2701
4576
8723
9721
536
8135
9554
8786
4887
9450
2250
138
5507
4086
1365
2472
6802
7632
6971
2862
9982
2480
323
1814
4322
2602
6520
2063
5186
3149
1084
6835
5864
7573
1895
9613
1755
773
3827
3988
7796
2636
3577
3035
8264
6519
5997
4534
1584
5759
3244
192
9285
8361
9783
5123
4167
1583
4146
7715
7465
61
7983
619
6656
8802
1165
4878
1061
5399
8663
2723
6850
8315
3042
1282
1736
9937
5211
103
3803
8048
1917
5601
9464
2018
5080
8517
8404
9232
8672
9467
5628
2547
1931
4700
8434
268
9511
4668
9742
8624
9481
7586
6933
8470
7858
7042
6574
7727
7911
8499
8614
2134
4829
620
1075
1095
2377
6089
2690
561
9488
8838
9623
9182
6354
1048
726
5591
5885
2385
1983
1714
743
6742
2067
4990
2782
1562
5807
3215
968
6150
2198
4875
9789
2833
3692
1563
7474
2500
6001
4735
4199
5580
2729
8496
7068
5811
3067
1527
831
4344
794
6341
6365
3479
8342
6543
1582
2526
8524
6408
9950
4935
3438
3845
9832
166
4493
1664
6049
1021
5471
9001
4001
6643
3330
6748
2146
5474
4273
2499
5973
9909
1031
276
2375
2920
8903
9931
7799
6924
5313
6883
4063
849
4957
871
2358
1211
3121
9298
271
6047
6409
8113
3074
9699
4575
8649
4355
8047
7272
4395
9722
4131
6812
1344
8913
8256
5684
3458
109
7673
8873
1298
2255
9750
4907
1710
1512
8290
7446
5671
9770
890
7288
9643
4221
903
6888
9451
9591
648
3326
7942
424
740
5411
9640
3085
1453
5365
7370
515
6244
4130
8363
3810
1984
7963
6654
1403
8327
2418
5947
5014
7424
3935
1827
6188
92
9129
4920
710
6381
6429
2009
7602
5477
6922
6499
9589
2540
5962
7756
1216
7811
3181
9197
5429
3971
7384
663
5985
2309
411
19
8441
972
2503
3335
4068
1092
2810
3931
3176
3029
5404
309
436
4184
4122
2343
3735
2153
2617
2625
8872
3661
3452
5549
9339
4036
9805
7734
2847
1743
9606
9851
4379
2231
8909
1218
6586
4707
9130
7454
4173
8411
399
1115
5152
4640
5622
9330
3338
1291
6447
6582
7480
8836
3743
8563
6949
7318
1590
2321
2725
7362
4320
5329
9352
7316
7451
3766
114
4019
7968
1050
6475
8129
6164
1602
6706
1136
2202
9496
1440
4947
7850
3849
2154
4458
1318
8505
9667
3409
473
5857
4261
5858
2924
4484
9123
4366
960
2835
5066
8309
9898
1854
5394
9018
5998
9168
463
9736
801
1974
6086
5798
7762
9190
929
580
387
5933
3118
4141
8195
1249
3693
2610
214
6834
1586
4587
4834
8188
4696
5918
674
284
3861
8857
1589
7275
6345
958
9946
65
2698
7420
2029
6761
6565
4222
9027
7557
2080
3938
1135
6060
1410
7740
3305
9556
2887
9053
4424
5956
4598
8190
9900
9248
4481
9250
7
2224
6128
6067
2944
5736
6276
8163
3823
4411
6350
6528
7776
8506
10
705
5820
4209
1358
3510
3565
4565
9171
8097
3160
1790
3811
2229
9846
6868
556
3738
7287
1140
266
1704
8399
8248
8708
6718
7649
477
7018
777
5555
4263
190
4755
4600
327
3294
7119
1706
140
6937
8736
6194
3016
6489
4932
6012
5278
9319
6416
6785
4353
2594
8994
4793
3004
8528
2222
3151
6596
8368
7324
1739
7347
1958
4634
8922
6158
9347
7163
7380
8082
414
3604
3470
8078
6830
3881
6716
5438
5310
3679
2260
2629
331
9592
7787
5293
1517
1496
1392
9320
3670
6541
3186
5517
9300
2169
6073
767
6866
2044
6026
4989
3697
1604
5805
6945
7210
4538
2003
5557
9284
8719
9701
6410
1694
8108
3841
2667
3645
4658
8701
5383
9276
895
3801
6137
1892
7460
2874
8799
8011
1980
1514
9386
2900
9758
9402
6020
4680
9097
3855
2870
2206
6581
247
3274
3726
7856
8606
5106
6218
9417
1607
2020
7549
5172
7161
5342
4164
7616
9045
607
5691
9994
5110
7070
1797
2991
1335
4513
9236
6336
2303
3653
7748
8123
8984
875
7577
501
3684
7890
5040
9211
5277
1058
8758
7355
3631
16
2328
382
6426
5574
7317
8397
4432
7749
7479
6832
1053
9151
1100
3943
5298
6172
1691
265
1381
1495
7073
9077
2857
6751
7800
5545
4723
3400
2813
9662
8599
5045
454
5608
3595
3862
8683
355
8682
3310
7902
4345
143
9603
1463
9225
5009
1722
6651
1375
3788
5370
1772
6397
7106
2469
1415
6333
3724
2302
496
4197
62
7325
2508
3277
6385
7755
9995
9746
7854
5487
5613
2684
3051
8626
2470
4499
4812
1006
1924
3978
3018
2830
1069
7211
4802
2441
8344
8704
2612
8268
9420
4573
6709
1413
2722
8001
1044
8375
1578
4594
6642
8978
2366
215
2327
5478
9650
9854
8553
6583
5357
5716
5405
9293
164
9810
8484
9093
5116
5246
3152
6481
8541
3728
9828
6002
830
3033
1524
8850
9612
7252
8492
9784
9641
909
7818
5464
406
4644
5032
1636
7931
4011
751
1483
3646
8206
1548
3567
5647
3740
9092
5911
7057
9837
3062
3322
9533
3757
126
7336
2882
1875
5681
7835
3078
8310
1226
4786
5347
1505
396
1177
7718
6783
1734
8131
5750
4639
8090
2620
7898
611
3287
3742
4995
2989
4185
7548
4046
3291
4463
4752
1488
6370
5450
8523
6321
1784
7541
6312
3918
275
7269
2781
5968
385
7126
9923
9076
4077
864
6384
5981
6415
7045
6322
7067
3964
134
8806
7304
9172
6304
532
2341
1062
2786
9749
1450
6153
4631
3966
1964
2022
8752
5625
3312
9751
433
2059
9848
1388
8240
1771
3057
4810
415
1774
790
5804
5015
7907
5694
8010
8782
9442
2884
2490
446
8107
2961
3011
4608
7188
5850
4105
2827
9218
4512
3334
5131
2050
8459
441
9073
8126
8661
4588
9859
2116
7706
2258
2464
2560
8739
8740
4367
5157
7141
8378
1161
2393
7350
3904
7702
4497
2956
3584
3864
8652
2534
6696
8765
1565
2254
9756
9201
5787
4010
6625
2707
3899
5891
5848
7901
6075
884
1674
5655
7241
950
2896
2065
443
6732
2460
8146
4816
8792
6148
8183
8771
3323
6161
6739
9204
679
4359
2011
2091
5675
2187
6220
6789
1057
3139
6
1508
3922
4431
9413
6984
2304
269
5509
2641
8260
432
984
2765
9407
6655
9509
9244
6028
2578
3444
707
1459
2437
5053
7117
1032
8109
7791
6836
4293
8326
6115
1420
23
1409
4791
685
4152
894
3404
1507
7395
381
3354
774
7044
4009
4114
9089
7439
7737
9051
4069
785
6313
224
2921
2872
1122
397
9558
7539
8755
9294
4807
5097
9535
3385
3088
3986
628
8608
8861
1187
6889
4778
7351
1935
8510
8112
5463
2230
315
6043
9685
7411
8386
4000
9522
3930
5132
390
5049
4749
8278
731
7484
1145
2966
3348
9755
4227
2038
1129
4404
4581
1521
2043
4912
1888
2693
8445
1813
9428
4879
3557
6851
8270
1849
8143
3259
2638
7754
4870
3317
5723
5201
1091
9529
7519
1019
1835
3900
4439
6987
5346
7075
287
7615
7229
693
8488
7349
3282
1208
8568
8901
2651
5882
5453
5284
5007
9818
5587
49
2607
5853
1481
8617
3055
4567
7156
2570
4111
835
2087
5000
7481
3889
4803
3500
9258
8659
2213
8376
9372
2658
335
7543
2274
7482
4014
2978
7132
8596
2297
324
8328
769
9853
7143
9965
72
6811
3407
337
5621
8748
992
7054
8187
2822
8882
9030
1472
5466
6109
3437
4763
5456
8860
1809
6818
8951
4243
8014
4352
9484
5856
857
8717
1150
547
3790
7576
8798
4351
8371
3571
8712
1541
9257
3822
2832
7664
1191
9709
333
6877
8196
3880
8899
5122
4191
9179
2493
2369
1555
7476
1552
7855
4712
8556
2695
7897
2249
4394
8962
5842
8894
2840
2149
2119
2984
9229
3264
4590
7618
4150
2745
153
5785
8236
6404
5698
1815
3388
8354
376
6938
1803
4916
3469
8931
3720
9131
6147
7691
9567
9447
5744
6434
5687
407
4874
9727
6177
9162
7450
1497
4753
5865
2615
9953
281
2917
2386
8521
7894
6750
2812
54
2421
9424
4217
3090
1109
8176
9981
1466
1639
7390
4888
5294
4060
6973
8710
1811
4461
5994
1749
4956
4857
6857
1128
2772
1544
6168
5215
8632
4468
3847
599
4446
6525
4950
7594
4084
5498
1919
9599
6689
1479
2002
5289
9949
4023
9897
1678
5629
4283
150
2806
1146
2429
4713
6180
1338
7763
666
5475
4542
3949
3562
3629
5344
1176
4880
4074
9393
1855
2504
9477
2370
7197
4022
5199
914
5945
8179
5488
6399
7965
4697
1192
2898
5705
7717
5611
8379
1023
3379
1644
2070
9415
9388
9231
2747
8868
3649
6537
6826
9896
5460
245
4968
9602
4329
6465
891
1475
3793
2371
8503
7204
8847
4255
2954
8831
1012
3572
418
9911
6200
8086
5935
374
6738
3242
3668
3339
8258
4599
1371
7988
3208
4119
3030
9054
6105
7344
6114
4482
4165
712
6969
440
6807
5659
2344
4702
4847
2571
3116
33
3093
2549
6855
5896
5074
4418
7277
8408
2652
6107
7174
1689
95
7929
4444
7233
1289
5485
4529
7485
7085
4732
913
8919
1738
4603
1703
6436
2834
8709
4438
2305
1201
113
1534
1498
6021
2990
9933
6615
5402
8393
8061
1865
8929
401
1549
7005
7695
3201
5764
6929
2094
4087
1733
6650
483
3590
5235
3638
5019
2109
2572
5763
8650
3998
677
4676
5093
3926
1478
5084
3518
9626
3113
7599
6476
3664
2405
1845
6828
5319
410
661
3970
2574
9280
1210
7246
3665
3342
6450
2130
8997
3141
9546
7345
9642
6240
780
2436
7234
2039
2727
8457
9180
700
3050
5391
4959
1956
8515
4628
4563
2275
2184
8937
3109
5511
4041
7072
5468
4926
8186
848
7700
482
5766
3806
7711
4137
3421
1067
7286
8529
6362
4814
1979
9723
2815
6348
8537
9158
8491
1520
9874
9785
5117
8110
1159
1889
6382
1556
1162
5051
3486
7622
6741
4882
3119
2811
7502
772
3710
4844
7020
569
2424
7110
7406
6149
358
1029
2208
3115
8585
3850
7242
6690
1241
4204
2837
9022
8072
1086
9516
3700
7002
6991
3378
7165
6639
2345
39
3487
7633
9652
1693
7779
5817
5937
1666
5213
7014
9416
3974
5679
1764
3687
3658
7101
3580
7208
3896
664
1928
1516
402
8826
6488
2402
7011
2331
9439
856
6126
7619
1651
3131
5077
3045
1793
8859
2789
4517
4401
5249
9412
722
6056
6412
8628
6125
1285
516
9360
6288
8637
8101
2077
8096
3542
2802
9976
2940
1322
4457
1711
127
3154
4126
2256
9059
8543
9445
6279
9902
1419
9671
5967
3492
7932
2261
4048
641
3541
9899
3933
3228
2354
4560
3717
514
4003
7935
7583
8301
3496
6022
6879
4714
6723
5660
9519
4944
7877
6947
581
9538
9724
4016
5831
6676
9581
5887
9571
2934
2983
9616
9177
3955
596
5397
8275
9227
9553
7802
6265
5375
4079
3100
1126
735
6766
4527
9580
3719
5200
997
1737
7262
6727
7701
1334
7315
132
738
231
3283
7230
9340
3981
379
193
2447
8711
7306
447
9839
802
4175
4902
6357
4354
6432
7523
8840
5153
5934
6388
3167
4719
8924
6562
5704
6648
6259
263
4510
2082
5272
2893
8508
5129
5712
3999
6775
4532
6954
6731
682
9735
2512
1422
4768
2777
4837
8230
8302
8007
3114
6046
2181
5529
7099
1536
2263
7292
8485
3751
8722
8220
633
941
9651
8808
7205
5005
8085
9517
908
8341
5524
5326
8449
305
3425
8609
5664
7751
2042
5992
7036
1164
1624
3505
5643
6355
2324
7836
1486
3478
6036
5749
2287
1557
763
3000
7140
6208
4672
8959
513
1997
471
6702
7332
4550
8925
5296
4260
6647
14
9457
8451
8134
9278
7016
7917
9624
9065
7130
3364
2315
7078
5271
5836
6601
7356
1120
282
4704
1781
9483
2771
1102
2647
1034
1877
2162
5349
218
5874
792
1970
5091
2851
8570
2251
8267
1223
1320
6039
2264
7849
8077
340
9574
2128
3842
8166
8565
476
2449
7346
498
9523
3279
1267
9561
4741
6078
368
9707
6573
4756
3082
5883
3433
4780
2243
4286
5398
4238
8827
6230
8217
2428
9675
2621
4766
4223
6179
7052
9669
6361
4250
4508
7024
6512
6931
1016
7862
5322
1425
5499
7560
737
622
4914
8916
9164
4455
8688
3908
8111
6090
4334
7704
8879
595
3064
5089
9289
1528
7984
1641
2795
7639
1154
3313
9610
9397
2556
1625
7972
8413
3190
467
2583
1853
2495
1209
3251
1848
2433
6469
8811
1686
346
4028
7209
9740
2456
3625
1198
1899
2947
3401
3005
6697
7470
9747
3374
2624
2913
158
4335
609
4852
1451
4080
4360
3836
1675
2987
1994
5390
9117
1990
3893
2166
5150
2605
1504
5410
511
7533
6344
2757
3026
9595
2186
5335
6289
6104
7816
9978
3699
6444
3212
4302
5259
8576
9819
4305
2028
3628
3663
3655
5552
3774
8350
1647
7025
4795
8629
2919
9150
9507
791
4064
9759
1581
7096
6406
6819
9454
1509
7607
2939
8201
7294
8349
6375
8587
4471
6038
4172
5674
3611
8218
3934
4288
8544
4552
9536
9518
201
5340
851
97
645
9836
4296
2096
1200
9125
5098
4147
7169
3958
4872
4866
2114
1490
4666
4636
553
1643
3729
8862
4358
7949
6769
1068
8239
9374
1631
1045
5119
7768
6869
5465
4081
3830
4498
9237
4206
248
6630
3920
3755
6423
6616
5541
5266
1906
5454
1046
8746
5356
1742
5219
57
5924
6252
922
3014
6051
2679
3089
3614
7578
2628
4595
5197
8132
9787
6439
9907
3363
6118
5134
8424
398
949
9653
6934
6749
8979
4051
4125
539
6552
9499
177
7082
3159
7136
3828
804
9154
1526
5191
3489
6813
2680
7134
815
3126
7860
1331
2685
1094
4220
7363
4072
7215
1263
9032
5515
5627
7656
4361
1720
5568
4049
9181
357
3531
2409
3677
293
5413
7232
8402
311
5041
7552
4830
5711
119
9472
684
6509
5921
3298
9866
1369
7824
1656
509
9081
8272
5254
7655
4026
4939
5442
9366
5130
8147
638
2273
727
9935
3519
4247
598
5931
9283
3455
1817
6189
593
3357
2165
2873
2622
832
6878
8643
5732
308
3415
277
6567
3516
8640
7513
8662
876
846
6652
4677
8762
6246
1610
3321
6201
6092
1455
6803
2138
6959
6309
5048
6296
1266
9216
1397
1708
1000
1561
8475
8017
2194
3618
5231
8203
9842
9376
8432
6305
4928
2803
6393
956
4502
6142
4571
4965
4506
5670
111
325
1156
1698
159
9111
240
5789
2592
1533
9583
7643
6222
7680
6192
7590
6791
133
5534
1998
589
8191
9430
816
6666
2376
1825
505
262
4988
1867
4331
7844
749
6295
1405
6936
380
5361
7375
7168
8942
6185
6872
5928
1834
7769
3924
6605
1056
3737
9291
6755
8855
3634
4827
6859
9821
4326
625
1391
8749
6275
1098
1333
6339
4970
9741
1940
1934
4507
3844
5105
3525
6895
4038
9322
1359
348
5536
6846
4551
5597
1600
4088
9381
9379
8721
1523
2035
9371
99
344
7630
2040
8158
1824
8845
2127
8891
4703
9147
4104
7393
9502
6708
4923
947
7934
6082
5815
2247
6347
5327
2340
7743
8307
74
136
116
4239
2567
9629
3657
7542
9713
8410
3853
6577
4043
6589
2541
5654
5871
2444
9980
4745
4368
3574
9661
1612
1251
7478
6547
1039
6377
7638
7108
2238
2537
1762
8207
3189
18
9790
6957
8745
8070
8456
886
1852
9314
4730
1837
9215
9572
4328
7584
6814
5912
9028
1949
3493
6170
1074
6030
8023
683
7329
6318
9358
9013
3324
7219
9383
6899
8714
9716
2820
4742
527
3869
2246
1158
3502
7147
5348
9138
3435
5217
360
7809
3868
7883
8312
9012
8054
2083
6635
3977
9569
2016
3543
3370
2897
1027
5449
4389
6529
7285
5576
9090
5008
5695
7414
9468
8747
457
3886
8615
5761
3865
8871
4942
3394
3463
1283
2033
3285
4726
817
7398
1630
6965
2277
1933
6166
6257
283
2783
4279
5788
6932
3709
6671
9914
4495
4485
9041
3932
6029
4348
966
4058
3997
6135
5104
4548
4399
7885
8154
8995
2889
5412
6004
6491
8194
7910
7190
7220
1546
5753
7538
1444
8770
6677
5137
9989
89
8228
8121
3434
3566
2023
1842
3429
8303
5292
6371
8657
1500
5287
2466
1968
4228
8059
117
8725
1802
4764
3762
6544
235
8957
5371
9233
6430
5663
2148
4525
6587
540
6405
8359
558
2909
8900
1141
971
575
4799
5422
6634
8331
318
6096
5208
869
1761
3449
9103
1408
7635
2362
1157
6299
4298
915
9627
2644
4858
2226
3852
4820
1107
1944
564
179
9824
8684
9058
1477
1673
1535
8697
6588
3372
2367
2785
1746
8174
2102
1777
2819
1355
5648
841
400
7957
7868
2052
504
8958
4737
4909
1634
6254
9210
7794
597
8610
9405
3129
6278
8875
2841
5650
6966
6532
2136
2177
6778
6514
4638
2805
7834
2355
2124
7483
3802
7341
5941
9429
4948
9753
8948
9019
9924
6627
571
3306
9425
5225
2110
8944
3439
3648
7195
1134
1879
542
9729
3340
5423
9904
9331
8199
3837
3347
6998
8586
6817
5765
4190
4850
3447
2529
6411
4789
3636
1911
7049
7582
5895
7553
3063
2312
719
1368
6445
9440
7985
7377
7676
3320
3225
1406
5006
88
7944
8967
7525
2088
3530
2338
7738
1054
6700
970
7950
7368
943
8453
4297
9938
525
1038
3108
4514
4876
5665
4076
7456
6930
6014
42
98
1105
5808
4801
9174
7596
2739
5544
6010
8991
3795
8911
8316
5756
8091
9710
4205
9324
8601
734
3786
2195
7244
6735
8289
3859
7540
9104
2557
7006
2352
9891
9426
4825
5809
25
4736
7579
6113
6517
2015
5906
9072
9446
9192
494
5021
9200
2902
2408
6053
3448
310
8520
5632
2058
1684
30
6473
4779
2706
6127
1597
7562
2390
6266
1220
3764
2838
8950
3144
3706
2587
6139
108
7339
417
1759
8209
7629
3483
3001
6204
7094
7770
7971
605
6239
2005
3442
1260
7330
3032
6792
8835
3581
8955
8885
4769
8671
8426
9049
3234
8324
1215
2476
2878
257
1281
8120
4362
5416
4537
5975
1055
2565
3990
5595
296
2265
7333
3355
9479
6917
1313
9167
1051
5421
7669
8403
4759
5658
7970
2849
8020
6672
4008
4561
9688
1458
2888
6124
676
8539
4213
6518
1545
1741
9288
6364
7051
2608
5253
137
6033
300
3196
7516
4020
5166
3906
2724
1133
2760
5915
4312
8296
6440
3235
3238
6079
4601
5436
2019
4196
9437
3585
8700
5797
1537
2968
5302
1010
6793
4045
9870
8513
9441
8482
7778
1389
8820
4899
2689
451
1476
3815
4065
2316
8389
4817
5359
7735
4116
8968
2415
8631
8779
3587
6592
306
1890
8265
1380
1480
7201
6745
630
6044
4275
5730
6050
7739
744
1030
2440
8946
8357
297
1446
1789
1654
8280
3885
3965
2999
3204
4952
6190
9099
8374
2545
5037
3821
1728
2242
173
7674
7958
3745
942
250
5262
6455
7372
883
8744
6250
3331
8466
3759
5154
1041
6006
5481
499
508
6387
3019
4975
3659
5143
6311
8889
1502
2099
7613
5914
1801
3143
1954
7449
6886
9585
6744
2489
5092
6123
882
1768
4462
6623
6368
9825
7266
701
2908
4138
8468
9482
9334
492
3777
5135
9392
6340
8689
9214
2544
1024
128
8731
2236
1439
7924
4149
799
2036
7366
8348
9559
560
2955
5873
6943
6979
339
6667
1659
6771
9296
3405
2764
6270
7455
4433
6584
5673
7726
6129
9884
8525
8823
3652
3382
3081
6906
8152
6787
1850
160
8034
8347
6508
5593
7501
1411
6972
5455
6776
8627
1328
8463
3937
2692
1087
9113
5771
9609
9830
2457
9135
742
4235
2379
8031
5600
152
2506
8561
4144
8963
5010
7939
9116
2586
8874
7581
823
5944
8439
8340
8435
2193
6840
9423
716
2970
2865
5482
7010
8149
5792
6856
1399
822
4253
9242
2507
2648
9527
1417
6831
2860
6283
3441
7088
5022
778
6542
2332
8382
2517
7183
5290
8306
8058
9431
2459
5755
6717
1081
86
4806
3748
8225
548
5332
2411
9152
6227
5333
1564
5354
9344
750
7323
3980
4402
3440
7276
760
17
2876
7189
7529
1685
2419
7029
6424
2998
3643
8455
6806
7434
4178
1418
3446
990
9345
3688
5824
1735
6083
9142
1702
3715
9512
687
615
6694
110
6437
6169
9648
7435
787
8769
9015
3275
9364
4927
7864
524
363
6853
8961
9703
4855
5626
965
1272
1700
5260
1066
3650
8589
7608
6631
4423
4301
3132
8213
4378
5072
9490
1449
7980
2347
8705
9312
3377
9302
2057
2381
6842
9064
7696
4489
912
1757
3953
9889
7172
4422
7705
4788
9011
4821
7631
7371
6764
7604
3025
43
7364
7536
3623
2755
5841
7912
20
3366
9663
3561
9550
3091
5954
4108
3233
1190
2531
4929
2536
3150
7149
2205
6800
7723
7223
4085
6034
9682
523
2922
584
5964
7151
2045
6594
3247
7559
6510
5758
4159
6975
3187
600
3017
3443
5881
3612
8355
2479
4750
1436
35
3635
6484
2384
8407
9267
8975
747
7236
8473
3769
1543
209
8766
5652
5910
9969
8442
9757
3112
4287
9894
3994
50
6502
1671
3223
6225
8128
9189
9382
1370
7239
7092
185
5548
2982
3325
7491
3047
4685
2485
1049
5598
6864
6726
4478
8522
3300
6963
9370
953
616
9754
5494
4651
1143
7721
6982
5146
4032
6401
6603
2284
7430
9752
5619
7521
4166
582
255
1522
7486
4746
11
7373
2313
7452
7012
7274
341
8405
6018
5733
5288
5547
1668
8345
1179
5644
