1 26,4122 11,1913 27,7905 40,9047 30,4612 49,2437
2 42,1689 5,8026 34,315 30,2455 26,2328 6,8847 11,1873 17,5409
3 43,7313 41,7212 31,3031 44,2165 6,9006
4 31,399 49,619
5 25,3496 23,9432 2,8026 17,2514
6 42,7265 47,274 2,8847 3,9006
7 10,2904 27,4888
8 26,8342 31,3987 35,3160 27,3483 28,9996 17,3535 40,3193 24,8434 25,3949
9 17,7002 36,5284
10 7,2904 31,1184 11,8988
11 1,1913 22,8425 47,8727 28,2275 25,5057 10,8988 2,1873
12 17,4602 16,8068 34,6690 18,1520 38,6699
13 50,758 43,5400 45,1794 29,2784
14 26,3841 43,3199 47,7898 31,1945
15 42,1789 22,3571 25,7019 34,7961 24,8040
16 18,8663 27,8673 36,1555 41,2747 12,8068 42,2596 35,839
17 26,1275 45,5114 8,3535 9,7002 12,4602 5,2514 2,5409
18 16,8663 12,1520
19 33,6938 23,8560
20 43,8105 33,6387 50,9507 41,4203 28,2234
21 23,5183 40,2199 31,2556
22 11,8425 24,594 15,3571 42,3783 41,1374
23 45,8074 21,5183 40,8336 27,9054 48,4485 5,9432 19,8560
24 48,7959 8,8434 22,594 15,8040
25 8,3949 5,3496 15,7019 48,3214 11,5057 37,1591
26 14,3841 8,8342 1,4122 17,1275 2,2328
27 23,9054 8,3483 1,7905 34,8912 16,8673 7,4888
28 8,9996 20,2234 11,2275 48,2803
29 13,2784
30 40,9818 43,6233 42,263 1,4612 2,2455
31 4,399 8,3987 50,2598 47,7840 21,2556 14,1945 3,3031 35,9855 10,1184 46,5964
32 36,7329
33 19,6938 48,914 20,6387
34 27,8912 2,315 15,7961 12,6690
35 8,3160 16,839 41,6749 31,9855 39,853 49,3098
36 16,1555 9,5284 49,953 42,4917 32,7329 48,7266
37 25,1591
38 12,6699
39 40,2489 44,9175 42,5464 35,853
40 23,8336 1,9047 21,2199 30,9818 39,2489 8,3193
41 22,1374 16,2747 3,7212 20,4203 35,6749
42 6,7265 15,1789 2,1689 39,5464 22,3783 30,263 16,2596 36,4917
43 20,8105 13,5400 3,7313 30,6233 14,3199
44 39,9175 3,2165
45 23,8074 17,5114 13,1794
46 31,5964
47 31,7840 6,274 14,7898 11,8727
48 23,4485 33,914 24,7959 25,3214 28,2803 36,7266
49 36,953 35,3098 4,619 1,2437
50 20,9507 13,758 31,2598
